score_normal: 1.5388755798339844
score_structure: 3.2494702339172363
score_latency: 3.2121405601501465
best_fscore: 0.9873417721518986
best_threshold: 2.3480374813079834
